1.5439425143003465
1.6781777539253235
1.46911253875494
1.5486529695391655
1.308783629655838
1.3748200761079787
2.6956132781505584
1.423378078699112
1.9913140785694123
1.3342398008108138
1.6203474159240723
1.200533436179161
1.6731841804981231
1.266759640455246
1.6799839816093445
1.221230678319931
1.5017999328374863
1.256858367919922
1.6431404069662094
1.2274082800745965
1.4558268918991089
1.2601977169513703
1.444637717485428
1.1106972424983979
1.444307122707367
1.205501581311226
1.3668232824206352
1.1644312390089036
1.3600385534763335
1.1258039600849152
1.5775890758931637
1.0780829627513886
1.4062767862677574
1.0383192793130875
1.3680386698246003
1.0173170644044875
1.3331298377513885
0.9060909999907016
1.3401613311767577
0.8649878919422627
1.2976665593385697
0.7880410027503967
1.3344355844259261
0.6898819959163666
1.1845184168815612
0.7523401344418525
1.2211899582147598
0.6173588608801365
1.3008811303377152
0.5691772170364857
1.228958505064249
0.5174498142004013
1.2685684064626694
0.5385320638418197
1.281604088306427
0.5071488704383373
1.175525638818741
0.39818414553999903
1.1320585792064666
0.3901840259283781
1.184572821378708
0.3468801910877228
1.1579904299974442
0.3624935612976551
1.2421374343037606
0.3223967119604349
1.3048845791816712
0.34514055302739144
1.1814760280251504
0.29686717164516446
1.1867974551916123
0.3458128882944584
1.0923773337602616
0.3036158361583948
1.0541012716293334
0.2636008754521608
0.9828159064650536
0.32796961909532546
0.9707733801603318
0.2737364587783814
0.8689722441434861
0.28928172940015795
0.8352523310780525
0.2484357336461544
0.8122256723642349
0.26244986287504435
0.8018913368582725
0.2503946004509926
0.6883666328191758
0.2836695580482483
0.6580880188941955
0.24880079285800458
0.6010473717451096
0.2401377430036664
0.5485356637835502
0.21113772948086262
0.52960815808177
0.2768807014971971
0.5475620786547661
0.25489387786388396
0.4379581859111786
0.24050160671770573
0.4312842956483364
0.22610069996118545
0.42095376816391944
0.21101332825422286
0.39284361264109613
0.20603181277215482
0.37506015184521674
0.2328359783887863
0.411811714053154
0.25033439552783965
0.3414181740432978
0.19875718516111374
0.3365891523659229
0.21768326884508132
0.36669059516489505
0.2488576877042651
0.3311519753113389
0.21774923435598612
0.34501624108850953
0.18364149045944214
0.3064802189171314
0.2183821704313159
0.3559670435488224
0.21279665446281434
0.3201244174838066
0.2174453404173255
0.30426351426541803
0.22174762286245822
0.269191782951355
0.18073519519716502
0.2673424978405237
0.2295265827253461
0.27106559002399444
0.25540376619249583
0.27364066641032697
0.1610994122251868
0.26109116545319555
0.2099895951896906
0.2716280274838209
0.22538742224127054
0.27191912366449833
0.22055026350915433
0.25568467265367506
0.19844009848684072
0.23259773021936417
0.19015677340328693
0.2646998928040266
0.20143999456614256
0.26029829525947573
0.18067993633449078
0.2796590617746115
0.200076185002923
0.23747672766447067
0.16954496817290782
0.22112828120589256
0.16058143337070943
0.2183454276174307
0.16070711474120616
0.23341383044421674
0.17215349029749633
0.23471514633111656
0.16747895709425212
0.25128780694305897
0.17358402109146118
0.24427121206372976
0.1768015162050724
0.2115543619245291
0.18355329733341932
0.22030829368531704
0.20509975814819337
0.22463984888792038
0.2003763242289424
0.1882378098666668
0.1836710049174726
0.19742221872508525
0.16000062070786952
0.18683689938485623
0.1906370862722397
0.18256733867526054
0.2025249557495117
0.2183364082798362
0.20039874392747878
0.19639597652852536
0.20870196554064752
0.21577185317873954
0.2083869173079729
0.1881335357800126
0.15417363841831683
0.19985985097289086
0.1644985029399395
0.18773428354412316
0.17065936487168074
0.15213719616830348
0.16430880822241306
0.15799786469340324
0.15833145496249199
0.1902983637303114
0.1662438803613186
0.17437838285416365
0.16117106065899134
0.19372359466552735
0.1603896600753069
0.16556787551939486
0.186437287569046
0.17457865922152996
0.16338686379045247
0.1831507628634572
0.1925033805668354
0.15686340340971947
0.18579347866773605
0.16415170694887637
0.18279247606545687
0.15098939983546733
0.16913937429338693
0.17510063824057578
0.14866579601168634
0.17398934361338617
0.14279183734208345
0.16662029145658017
0.20301623824238776
0.1344067245349288
0.1575279450416565
0.16577882535755634
0.1545375514626503
0.1588186357319355
0.15948625234514474
0.13107207814976574
0.16188775193691254
0.15024469966441392
0.16739298187196255
0.14055921497941018
0.16400829553976656
0.1775134791880846
0.16672965866327286
0.15253835694491863
0.1776945996209979
0.17356125243008136
0.1742159835845232
0.1716738218665123
0.1467747101932764
0.16497475247085094
0.18178864657878877
0.16557636418938637
0.14320957720279692
0.1427281828522682
0.14277603153139354
0.14310071627050638
0.14337710133939982
0.14349347865581513
0.16316671638190747
0.15400527588278054
0.1612291664928198
0.15645403833687305
0.14913327035307883
0.15678936974704266
0.16709206120669842
0.16288103368878365
0.13762973922491073
0.1625600246191025
0.15148804838955401
0.1431240137591958
0.15238282835483552
0.12989863891527056
0.14556535145640373
0.14356709277629853
0.1553388876914978
0.14094416192173959
0.1499895323961973
0.1383387965708971
0.14471860852837562
0.1306409288495779
0.14924707677215338
0.15164772994071246
0.1399807688444853
0.13682375035434963
0.14043885441869497
0.17541065603494643
0.14095243932306767
0.16183843901008368
0.15317174745351075
0.14798268370330334
0.15284861677885056
0.1339136833958328
0.14440699888765812
0.15327959795296192
0.15207664143294097
0.14568240875005722
0.14331978183984756
0.14928526993095875
0.13731725479662418
0.14920321325957775
0.1465394840836525
0.13525948230922222
0.14085784040391444
0.13245943081378936
0.1425775973200798
0.1278331255763769
0.1461618340164423
0.13350392575562
0.14381559728085994
0.14584039485454559
0.14547424904257059
0.14144822746515273
0.14547949102520943
0.11835030873119831
0.1453193643540144
0.14940480165928602
0.14555022887885571
0.13610114847123622
0.14290403544902802
0.1258030045181513
0.12797816923260688
0.13274353087693452
0.14601679326593875
0.15631575947999954
0.12242203344404698
0.15733574499562383
0.1455956721752882
0.1409743623062968
0.12943864449858666
0.141523771956563
0.1427080370783806
0.14129162219911814
0.13565003244578838
0.12867516818642616
0.1442257318496704
0.12878516532480716
0.1324040435142815
0.12975990718603134
0.14016014920547604
0.14432868345081806
0.13832593946158886
0.12906165179610252
0.1464588950201869
0.12629406561329962
0.15473428213596344
0.1201044370085001
0.1447879413962364
0.11727753612399101
0.14159214667230843
0.11606172531843185
0.1314828375503421
0.12390911263227462
0.14863649693131448
0.13341292402893304
0.16718978358805178
0.11924893021583557
0.13264936131238939
0.1359040929377079
0.15744466638565063
0.1716897428482771
0.15126431454718112
0.13943304374814033
0.14624711345136165
0.12829178324341775
0.14227022756636143
0.12660346703231334
0.12597515131533146
0.11825043781101703
0.1302425155416131
0.12858629275858402
0.1405887497663498
0.11772417423129082
0.14170893596112727
0.12321780580282211
0.1481724894195795
0.13719465555250646
0.1592900760769844
0.14418263390660285
0.14073010824620724
0.12693800275027753
0.126213301487267
0.11593475270271301
0.15408323261141776
0.13106349329650402
0.1380577244311571
0.11280564878880978
0.14311732745170594
0.12056185514479875
0.1421282174438238
0.11019550362974405
0.1396395745947957
0.13854521559178828
0.11973925198614598
0.12074342556297779
0.10695788162201643
0.12050284938514233
0.12796075986325742
0.12375599475950003
0.13665492590516806
0.11990435313433409
0.11723189774155617
0.11877446811646224
0.12040761672705412
