224.18643259277343
155.43232104492188
150.31599020996094
149.26100983886718
141.172347265625
128.14754704589845
108.23277199707032
102.19719865722656
93.02761645507813
82.82333508911132
79.07507893066406
78.10303198242187
71.49888236083984
68.7503410522461
66.80339333496094
63.323721228027345
63.159584619140624
60.493361450195316
57.42592734375
54.904086096191406
53.76708985595703
49.8114961303711
48.64120946044922
48.104695874023434
46.15462861328125
45.93090310058594
42.726944635009765
41.05128604888916
38.428397100830075
36.986386535644534
35.14214482421875
34.97039005126953
34.422192492675784
32.466230935668946
31.941880889892577
30.15446337890625
29.695595321655272
28.14115203857422
27.35975491027832
26.25317745666504
26.14389753112793
27.055319732666014
24.41762938232422
23.962901150512696
21.81670273590088
22.331565881347657
21.11483466796875
21.32033252258301
21.44730630645752
20.325701837158203
18.64984278869629
18.403904078674316
18.00213878173828
16.636342651367187
17.573610244750977
18.495516931152345
16.34103698120117
15.271877609252929
16.05527488937378
15.617549966430664
14.27067301940918
14.841661111450195
13.750455383300782
13.262851954650879
13.435835028076172
12.099951036834717
11.459395750427246
11.171212890625
11.09524357070923
11.475081549072266
10.685387808227539
10.285738134002685
10.05337795791626
9.562658825683593
10.125510906982422
9.18987526473999
8.60951275253296
8.454461519622802
9.07579959487915
8.372970927429199
8.049083689117431
8.024875303649903
