63.272621428861946
64.27499471642098
61.18712968338495
19857.1646075388
1369.4403203641639
1118.1947665906482
938.2836678371982
799.9239689079876
609.3129882287664
396.4290390312229
267.8154391098481
214.6095334970342
186.03499686448922
163.38833142864362
152.905880564594
143.18535982829604
132.07680950774633
125.08401725447537
124.49180489701394
115.08825530563958
112.84624367340736
108.9823519886242
105.76855959933697
100.10417844765607
98.45784011561321
93.69335574816547
92.57676073585937
90.20858363421969
87.28740217397733
86.3772933099707
86.67365358849905
82.75691115069698
80.73064180989729
79.8674482970149
77.13410879268503
77.56298483237819
74.44483804313712
72.76654197466488
72.54959151738313
69.52966543654917
69.74858864721088
68.45477656171761
68.27541625942597
66.56279341580468
65.25643846270512
64.18820812317068
64.85844217697058
62.59010940999372
62.79057624002976
62.72199148011772
60.69006689993929
61.39320905035717
59.434385717088496
60.50040777663767
58.14356026998312
57.925676338914215
58.272469343748895
57.39746390372262
56.44605818317718
57.13973206509883
56.46573127700525
55.60207955522291
56.08777478891353
55.040321984429184
54.400379062485335
53.847004575247084
54.68509518183906
52.94432772792391
52.218691772658815
53.00455074400244
52.0014992129926
51.86895542209009
52.10828326465085
51.43651926948612
50.746973500207595
51.093663159666825
49.644263141629956
51.14926727984163
50.457310948155786
48.255878054227864
49.19581406519763
47.9458545727996
48.963768355939266
48.22276399310279
48.214687589663214
47.26036959301185
47.61485476402485
47.11181509496493
46.32331860589611
46.52573599472269
45.866520109389526
45.16599985718609
44.148307548071685
44.39333879215937
44.38240726082038
41.92330365695279
41.971414332240926
42.049378916992595
41.39433186738039
40.97171533683157
40.45489795623787
39.96975895488609
40.500627629654254
39.784999665726566
40.12666946411514
39.25054933972117
39.89276276917311
38.91403422225297
38.32222307296606
37.483685839102336
38.534389463319236
38.44864808956921
37.89957521803767
36.67751557371283
35.610157838524295
36.68603282326948
36.640909153423735
35.545426027927704
35.05387880256151
36.06725373396297
35.62708359733131
34.26392622790716
35.065335115225416
33.57199196793412
34.301812040952306
33.71698847649252
33.23625749990744
33.61464073319928
32.755396814913034
32.80808379820985
32.179580252148725
32.527847926133134
32.38094630250642
31.989609540315204
31.214170128395274
31.16451915162643
30.97762764520023
31.049611503309272
30.86613290113697
30.390786367406285
30.044721137603762
29.370682712824582
29.690161536056888
30.238856479524873
29.028383337341435
29.74621193845609
28.529520728385616
29.397620541161974
28.67913890750112
28.80656822437453
27.846126562976114
28.61805541225343
27.861518295374452
28.159935190908886
27.396653562619793
27.743677264624868
27.63317141163557
26.86238393155431
27.585146331592178
27.009308631309523
26.918615012250307
27.08566809113645
26.4919923151359
26.19087418888065
26.59002400259833
26.02416108617826
25.886279431126262
26.187944462967636
26.079735679781706
25.02826614192947
26.38598754780385
24.792414084455604
24.995496751574557
25.755456557545823
25.22510199761805
24.39527370762538
24.825004240428374
24.419694389900226
24.091518418385085
24.29349754555605
23.991151385908715
23.960756071899674
24.224399189677897
23.75836433968173
23.569283485220843
23.304356133882088
23.06087069985505
23.562972124665194
23.749139714714886
23.083575099004335
22.96993272259199
22.995156262507336
22.85636314593022
22.728062951304572
22.63226932151233
22.529812184399123
22.38111529017731
22.900892879973256
21.813082447113196
22.3617950899135
22.116293936204343
21.96099854251926
21.79835246001777
21.540588121410135
22.03165209810126
20.87414598124943
21.323710562653588
21.291466936590588
21.878790939510512
21.62981211917324
21.299399320551515
20.876423270291934
20.678818171820403
21.014909936349508
20.76742502569778
20.806355464143422
20.903828082047824
20.63279388081162
20.663794644098967
20.158852538814404
20.317454554724417
20.479832228903994
20.018104074798668
19.68000802019658
20.361296852726156
20.154067002427276
20.171030084159653
20.07836573435819
19.63573035242653
19.70434720620177
19.890912492247672
19.48087620023247
19.562013643809365
19.36472877563166
19.778374954530832
19.009338497766343
19.350189001443052
19.33902994259104
19.463306387209464
18.72189050190517
19.46066873150659
18.973861927321735
19.417813405219057
19.30328271905074
18.254307828586665
19.045013034931408
18.72968441224811
19.09073488502646
18.484939364079032
18.704001770761156
18.461438462965262
18.61674956953592
18.28318957006877
18.277760609139463
18.57419421969171
18.13234573952564
18.60022414719642
18.270516402390022
18.587637833380153
17.834644805343828
18.50400103723734
18.085382381900217
18.03869818870709
17.858776991722042
18.432958975985414
17.94546978774304
18.126365634717057
17.728191255466733
17.883181618150747
17.592059438709615
17.960899469837518
17.84101118689078
17.870582871188702
17.619235171003485
17.449740941672147
17.390753703760762
17.297015330572883
17.74095062788267
17.124514346056497
17.43167608711498
17.51820745751
17.444408389101532
17.084722392722295
16.940528336139106
16.94204608385018
17.135940084253146
16.766284739372686
17.010325303678183
16.910215268528177
16.935434542152944
16.880993892462484
16.987590421495415
16.716868061025654
16.506706182159984
16.653204735174313
16.92023956804012
16.773034973943833
16.38038915160506
16.73513237321739
16.552986986634725
16.45896268682952
16.588490055685313
16.398929060345115
16.629272747073617
16.60256807704578
16.122105035473645
16.368763198003574
16.190510060080836
16.282844619874894
16.081741020607158
16.027559119356056
16.543844662408375
16.085824127631994
16.242698760354372
15.964596753992486
15.673677034941912
16.095291157508008
15.759183224102834
15.956456070363796
15.973704048662098
15.836270541550151
15.792155219840005
15.752982482461928
15.811429995012587
15.541056489705445
15.53194257946937
15.724089884486
15.508846883599851
15.344989407543096
15.941114633924213
15.749453770963173
15.350010432546116
15.3637647949088
15.33935699396225
15.467231058219438
15.441845713041303
15.384322673983045
15.487748739062052
15.352877295591785
15.01851291410114
15.1430299054123
15.013988739591083
15.20077382854664
15.054845018639977
15.079325176039886
15.37042756679001
14.95896045934106
14.758420550515586
15.06329711159048
14.708880916453255
15.057828731682424
15.239549920342759
14.952737460451187
14.903797358197814
14.789158533975229
15.093984114121463
14.861623044918678
14.679480560275742
14.446787393073413
14.627977762208767
14.533397642375133
14.559733679659246
14.532938279955625
14.535520399101735
14.722298908607785
14.55210466044311
14.231147024753108
14.13547461280247
14.174318624621995
14.42100651569457
14.58644688627504
14.699709395744486
14.094285253515471
14.179118630662234
14.518023964860774
13.77703843587165
14.136697624108491
14.051883428069829
14.183020118235182
14.044308066869844
13.993780444790637
14.040914662623708
13.899533363077028
14.13397429748117
13.611153600510008
13.865328219540286
13.989915026651481
13.867428730891378
13.869024137188363
13.88263161285228
13.739106962507162
13.749417421585433
13.753023348082637
13.463327513140209
13.572233320509861
13.54944743831125
13.844660899987547
13.46092605340346
13.566582865546218
13.585740409378694
13.684005351866784
13.448564062335768
13.559266262125936
13.318871705628373
13.305052862952557
13.652991016249619
13.400279872738615
13.31087962608395
13.12855790772386
13.384950354997537
13.159899908946407
13.371358935229718
13.33777009216268
13.162789547301644
13.225919039919143
12.953692934658639
12.979568739526304
12.954156214117535
13.102717177037675
12.925098109361755
12.941840593571698
12.967928755790355
12.88913395066065
13.121038781849167
12.908408375508836
13.409526643324371
13.133295981231706
12.684192610723043
12.789602025368849
12.547819467529223
13.192562012247897
12.460848426744837
13.151060642866828
12.638944690348863
12.739070023217199
12.754641443730135
12.426805456922631
12.592668493063712
12.894044782066635
12.373818867567888
12.68792423377218
12.841460691764128
12.723087986449674
12.148659864696683
12.746069156562594
12.484471640821155
12.339693822455454
12.537697963425472
12.16878813519937
12.4433255772577
12.41010704659076
12.465097689740432
12.460872409274272
12.55392447323414
12.15036698223686
12.380947159215939
12.517103416203831
12.302701700474966
12.22904974381536
12.121938077695019
12.252292278263843
12.058387607238577
12.264750605682368
12.153709220202286
11.971899882957219
12.4294373118027
11.816839314463078
12.214095870243684
11.82339293089206
11.877070717828628
11.799544169977615
12.377942343838425
11.75851412988842
12.17050106420622
11.893578144567503
11.7385579529507
11.898553294066796
11.945856780255863
11.849557475588208
11.883881114314617
11.747858158845357
11.684389715287928
11.687562169068677
11.765361348001841
11.732375729892896
11.650642558788375
11.83778683357667
12.029626672119058
11.39948261995116
11.657957185184577
11.497040436115588
11.730008209968409
11.863592057432037
11.455380827076665
11.365721922056123
11.447778957944093
11.624517789944832
11.35582200729375
11.775453543750363
11.290395002260416
11.55767901114752
11.640004414618648
11.640511624982855
